high density 

without anything

4.48528307596269,75.996430460074
4.47414909142201,79.8278313864906
4.44688040138715,78.5439907252351
4.42848098443971,80.1179572935426
4.46092074327662,75.5399434883124
4.30967369025312,87.6327002053388
4.28827512535007,86.9069767441861
4.46015813132149,79.1835338822039
4.56157099363177,75.5001305483029
4.47414909142201,79.8278313864906

    AverageSpeed AverageWaitingTime
    ------------ ------------------
4.43895413284666   79.9077326120177

with objects


4.11785513929343,85.6703661181273
4.04079223630097,94.7891052564592
4.04079223630097,94.7891052564592
4.17730127222185,85.9682436811406
4.23738772794422,80.8087480759364
4.01766181915959,96.3379204892966
4.02023955097812,92.5336854308901
4.02570511928872,94.7974507824331
3.97259318738943,98.0016489091832
4.18188290051575,86.1698284823285

   AverageSpeed AverageWaitingTime
   ------------ ------------------
4.0832211189393   90.9866102482254
 

with rickshaw

4.20164311071118,86.4212805038048
4.31957149102188,80.714157476276
4.32001821462841,78.4756791720569
4.26427536632307,81.5988924050633
4.25531433288279,83.0601465107313
4.17804863439659,87.7843237704918
4.34294346043514,77.6481694093634
4.35932753364217,78.3632797175363
4.29288305454321,79.797282273008
4.25416908461282,84.8388674388674

    AverageSpeed AverageWaitingTime
    ------------ ------------------
4.27881942831973   81.8702078677199

with car  


4.05126565715721,94.284358340918
4.38328637515831,78.1474108769191
4.07525362002937,116.731054205122
4.26331579868422,83.587631511419
4.06136378692065,96.4091780646811
4.3543079613347,79.8179065174457
4.36269995380456,78.2921319471185
4.34728884949563,77.9535275080906
4.29488908805622,82.4935149156939
4.18232736873953,87.7026060296372

    AverageSpeed AverageWaitingTime
    ------------ ------------------
4.23759984593804   87.5419319917044


with cng 


4.22911179503004,87.882806573957
4.29571482021113,85.2331020303264
4.38158670893559,78.3697295911829
4.44030679666538,75.0033591731266
4.2809838139485,84.3487558320373
4.35043761680326,77.7093827482709
4.3753552504285,79.7850888488282
4.39515233735239,77.6669223884414
4.22366233333597,84.4965170278638
4.29208255857003,80.5574517978114

    AverageSpeed AverageWaitingTime
    ------------ ------------------
4.32643940312808   81.1053116011846

with all ped 


2.96592095742962,204.348134524435
3.05869145772408,178.36364822547
2.92964795682104,199.364820846906
3.15074559044423,163.912144362487
3.09423067420594,185.88547008547
2.95763680465241,187.458514169007
2.92238389094059,196.267892317794
2.89824710905355,195.665139416154
3.19263616229497,170.423518663534
2.96625414063144,186.999869229763

    AverageSpeed AverageWaitingTime
    ------------ ------------------
3.01363947441979   186.868915184102

with standing ped 



4.47170373602176,76.6163422063303
4.29136397140207,82.4213468538742
4.38468413820254,76.5700389105058
4.33074885156414,80.0740368929602
4.32964603545498,81.8059951112826
4.42994652004008,76.2126285262325
4.36453335858235,77.4884575026233
4.37511701833718,78.2132701421801
4.44656549114701,76.0982740855229
4.37268230758549,78.0731204943357

    AverageSpeed AverageWaitingTime
    ------------ ------------------
4.37969914283376   78.3573510725848


across ped


3.5781997210208,128.389217704581
3.58020669248681,127.011325175735
3.70267079815289,118.560545100584
3.39933649331164,149.422901344154
3.31516727829183,153.820423444358
3.62519542613877,124.448539727076
3.37979496408014,150.872180451128
3.67645327702454,128.770129703352
3.58652380797989,133.354851080148
3.50465105815826,129.238113496933

    AverageSpeed AverageWaitingTime
    ------------ ------------------
3.53481995166456   134.388822722805

along ped 

4.39440581456306,82.1767977751291
4.1594277006698,90.1341526520052
4.20281524408188,93.503657128192
4.12704793697856,99.158352519826
4.16621105405438,94.8348492723493
4.02470043652234,101.629103127423
4.32770026645794,85.8880374074555
4.19182467768956,93.8884649624825
4.19481347448712,95.0446228774516
4.01747020165439,102.935715217108

   AverageSpeed AverageWaitingTime
   ------------ ------------------
4.1806416807159   93.9193752939422


with everything 



2.89743155318578,198.892909018883
2.61863536061983,258.294546401145
2.92489152330355,195.984535412606
3.06678255387834,177.240109318064
2.66022880174444,224.497819953834
2.66219885085643,217.44463218092
2.87802576993533,183.171451042076
2.92495304091449,195.732666839782
2.92495304091449,195.732666839782
2.60588194500662,240.982883475971

    AverageSpeed AverageWaitingTime
    ------------ ------------------
2.81639824403593   208.797422048306



