without anything

4.96293229983452,46.743216223936
4.90188742411313,45.5969084423306
4.90622211661422,47.5816326530612
4.95208287359949,49.029009762901
4.90622211661422,47.5816326530612
4.93392282098551,45.2658636897767
4.87841690289247,48.9847328244275
4.92147863192331,48.4460924130063
4.90110331531075,47.3246452360266
4.89708588157548,48.4192812321734

    AverageSpeed AverageWaitingTime
    ------------ ------------------
4.91613543834631   47.4973015130701


with objects 

4.83413709424922,51.6843758926021
4.89365295412318,48.5170438269837
4.78693083579687,51.1865460712267
4.86694504729607,50.1888009381413
4.76130877917372,51.4545454545455
4.82719014300529,52.5424311926606
4.86931150255427,53.3221745350501
4.78989801804237,49.7897710377639
4.84633216991593,50.8560650029019
4.73960686586395,53.7450245168734

    AverageSpeed AverageWaitingTime
    ------------ ------------------
4.82153134100209   51.3286778468749

with rickshaw 

4.86614182755914,47.7286299765808
4.78897852658873,52.3052418187084
4.86144383279811,50.4148571428571
4.84243730211932,48.3952200524628
4.850304976302,49.8075920023182
4.86249932590394,47.1768648018648
4.80071803792181,49.7593123209169
4.88789322195376,49.1566820276498
4.91283185022572,49.8246110325318
4.90404122680378,47.9593849724398

    AverageSpeed AverageWaitingTime
    ------------ ------------------
4.85772901281763    49.252839614833

with cars

4.86958123938646,49.3100436681223
4.81303389861865,47.1097417840376
4.91592361402919,48.3907913669065
4.83641011497655,51.2086905113804
4.78882397973445,50.4295400943396
4.84190354704447,51.7228811107897
4.83049715343788,49.1932675565874
4.85715939603112,47.9964570416298
4.77559757818597,49.9758281110116
4.89217050492459,48.2069550466497

    AverageSpeed AverageWaitingTime
    ------------ ------------------
4.84211010263693   49.3544196291455

with cng 

4.93545537439005,48.665306122449
4.93974019053174,49.4891726818434
4.89552774930399,48.9988678177187
4.76683418769815,50.130790960452
4.93355456300395,47.9493281075028
4.84375432405754,49.7665534804754
4.84725741777205,49.8457175269427
4.85040055465234,49.7443452380952
4.80752157886489,50.2496379959456
4.88794508399914,47.3560011624528

    AverageSpeed AverageWaitingTime
    ------------ ------------------
4.87079910242739   49.2195721093877




with all ped 

4.68688641362879,54.8399425287356
4.66164587561166,51.9021289178001
4.76745306168227,53.0103418557886
4.79355223701255,52.6123156981787
4.71295281411891,54.264553314121
4.62287331964482,55.6966850828729
4.73835473338207,54.068023417898
4.64115069855325,54.9710658399764
4.78203401323695,52.3006329113924
4.73012297396117,55.1227352425482

    AverageSpeed AverageWaitingTime
    ------------ ------------------
4.71370261408324   53.8788424809312

with standing ped 



4.8468327047144,48.5434470891884
4.8786593932126,50.5390301596688
4.82429720793325,51.1549215406562
4.8154906504398,50.6528409090909
4.93955288720177,49.9468723221937
4.94691111323799,47.5722766399525
4.8896847626766,46.7394555788214
4.93371662588603,47.0887382075472
4.8827300091577,46.9530026109661
4.9383028173695,46.4460912525429

    AverageSpeed AverageWaitingTime
    ------------ ------------------
4.88961781718296   48.5636676310628


with across ped  

4.85437244414206,49.1139568345324
4.79773066213337,51.6374034887046
4.77502827184624,52.070917929654
4.73689763673554,51.1823410986483
4.73746968608513,53.3251063829787
4.79909790219433,50.7496373658254
4.82054047757017,50.522720777365
4.79486583210017,50.2868640413912
4.74224405261306,52.499145785877
4.84619605594994,50.1450381679389

  AverageSpeed AverageWaitingTime
  ------------ ------------------
4.790444302137   51.1533131872915

with along ped 


4.92018035512805,49.6350156829199
4.82999096261087,50.6435643564356
5.00752427472134,48.7637330183107
4.79197197687155,50.6632109834688
4.84040627129423,49.624820040311
4.8752718791261,49.8666286691365
4.90052623595714,52.5037878787879
4.85087501590437,49.0558865248227
4.89988523994432,50.9602437608822
4.77642972317184,49.7585185185185

    AverageSpeed AverageWaitingTime
    ------------ ------------------
4.86930619347298   50.1475409433594



with everything


4.63201704953005,55.6520250998289
4.62418713124268,57.6430602957907
4.70967170439134,55.6505437893532
4.60473423353794,54.6576603325416
4.62126081829923,56.6276967930029
4.66464475740679,54.5368063420159
4.68874132397971,54.6078838174274
4.65186875318935,55.2242828165749
4.6892828365801,54.4982847341338
4.65361493799918,55.1995985087468

    AverageSpeed AverageWaitingTime
    ------------ ------------------
4.65400235461564   55.4297842529416






